Expected Reward for all states =
[-0.5  10.   -0.25  5.   -0.5  -0.25  0.    0.    0.   -0.25 -0.25  0.    0.    0.   -0.25 -0.25  0.    0.    0.   -0.25 -0.5  -0.25 -0.25 -0.25 -0.5 ]
Transition probability matrix =
[[0.5  0.25 0.   0.   0.   0.25 0.   0.   0.   0.   0.   0.   0.   0.   0.   0.   0.   0.   0.   0.   0.   0.   0.   0.   0.  ]
 [0.   0.   0.   0.   0.   0.   0.   0.   0.   0.   0.   0.   0.   0.   0.   0.   0.   0.   0.   0.   0.   1.   0.   0.   0.  ]
 [0.   0.25 0.25 0.25 0.   0.   0.   0.25 0.   0.   0.   0.   0.   0.   0.   0.   0.   0.   0.   0.   0.   0.   0.   0.   0.  ]
 [0.   0.   0.   0.   0.   0.   0.   0.   0.   0.   0.   0.   0.   1.   0.   0.   0.   0.   0.   0.   0.   0.   0.   0.   0.  ]
 [0.   0.   0.   0.25 0.5  0.   0.   0.   0.   0.25 0.   0.   0.   0.   0.   0.   0.   0.   0.   0.   0.   0.   0.   0.   0.  ]
 [0.25 0.   0.   0.   0.   0.25 0.25 0.   0.   0.   0.25 0.   0.   0.   0.   0.   0.   0.   0.   0.   0.   0.   0.   0.   0.  ]
 [0.   0.25 0.   0.   0.   0.25 0.   0.25 0.   0.   0.   0.25 0.   0.   0.   0.   0.   0.   0.   0.   0.   0.   0.   0.   0.  ]
 [0.   0.   0.25 0.   0.   0.   0.25 0.   0.25 0.   0.   0.   0.25 0.   0.   0.   0.   0.   0.   0.   0.   0.   0.   0.   0.  ]
 [0.   0.   0.   0.25 0.   0.   0.   0.25 0.   0.25 0.   0.   0.   0.25 0.   0.   0.   0.   0.   0.   0.   0.   0.   0.   0.  ]
 [0.   0.   0.   0.   0.25 0.   0.   0.   0.25 0.25 0.   0.   0.   0.   0.25 0.   0.   0.   0.   0.   0.   0.   0.   0.   0.  ]
 [0.   0.   0.   0.   0.   0.25 0.   0.   0.   0.   0.25 0.25 0.   0.   0.   0.25 0.   0.   0.   0.   0.   0.   0.   0.   0.  ]
 [0.   0.   0.   0.   0.   0.   0.25 0.   0.   0.   0.25 0.   0.25 0.   0.   0.   0.25 0.   0.   0.   0.   0.   0.   0.   0.  ]
 [0.   0.   0.   0.   0.   0.   0.   0.25 0.   0.   0.   0.25 0.   0.25 0.   0.   0.   0.25 0.   0.   0.   0.   0.   0.   0.  ]
 [0.   0.   0.   0.   0.   0.   0.   0.   0.25 0.   0.   0.   0.25 0.   0.25 0.   0.   0.   0.25 0.   0.   0.   0.   0.   0.  ]
 [0.   0.   0.   0.   0.   0.   0.   0.   0.   0.25 0.   0.   0.   0.25 0.25 0.   0.   0.   0.   0.25 0.   0.   0.   0.   0.  ]
 [0.   0.   0.   0.   0.   0.   0.   0.   0.   0.   0.25 0.   0.   0.   0.   0.25 0.25 0.   0.   0.   0.25 0.   0.   0.   0.  ]
 [0.   0.   0.   0.   0.   0.   0.   0.   0.   0.   0.   0.25 0.   0.   0.   0.25 0.   0.25 0.   0.   0.   0.25 0.   0.   0.  ]
 [0.   0.   0.   0.   0.   0.   0.   0.   0.   0.   0.   0.   0.25 0.   0.   0.   0.25 0.   0.25 0.   0.   0.   0.25 0.   0.  ]
 [0.   0.   0.   0.   0.   0.   0.   0.   0.   0.   0.   0.   0.   0.25 0.   0.   0.   0.25 0.   0.25 0.   0.   0.   0.25 0.  ]
 [0.   0.   0.   0.   0.   0.   0.   0.   0.   0.   0.   0.   0.   0.   0.25 0.   0.   0.   0.25 0.25 0.   0.   0.   0.   0.25]
 [0.   0.   0.   0.   0.   0.   0.   0.   0.   0.   0.   0.   0.   0.   0.   0.25 0.   0.   0.   0.   0.5  0.25 0.   0.   0.  ]
 [0.   0.   0.   0.   0.   0.   0.   0.   0.   0.   0.   0.   0.   0.   0.   0.   0.25 0.   0.   0.   0.25 0.25 0.25 0.   0.  ]
 [0.   0.   0.   0.   0.   0.   0.   0.   0.   0.   0.   0.   0.   0.   0.   0.   0.   0.25 0.   0.   0.   0.25 0.25 0.25 0.  ]
 [0.   0.   0.   0.   0.   0.   0.   0.   0.   0.   0.   0.   0.   0.   0.   0.   0.   0.   0.25 0.   0.   0.   0.25 0.25 0.25]
 [0.   0.   0.   0.   0.   0.   0.   0.   0.   0.   0.   0.   0.   0.   0.   0.   0.   0.   0.   0.25 0.   0.   0.   0.25 0.5 ]]